01100011101101101101010000101111001011111111011101111000001000000100110110111001001010011110001110110110110101000010111100101111111101110111100000100000010011011011100100101001100
00110011000010010000110010010000000000100110000000010001000000000000010000000000010000000000110100001000110111011110100101010010000000001110001101000111111100010111000100010000000
00110011000010010100100010010000000000100111011100011000000000000000000100000000000000000000110100001000111111111110001001011100111001011010110001010000000011011011101100000000000
00110011000010010100100010010000000000100110000000010001000000000000100100000000000000000000110100001000111111111110001001011100100011001010100001110011110000010111000000000000000
00110011000010010100100010010000000000100111011100011000000000000000100100000000000000000000110100001000111111111110001001011100101011001010100001100010000011011011100100000000000
00110011000010010100100010010000000000100110000000010001000000000000100100000000000000000000110100001000111111111110001001011100101011001010101001100010110000010111000100000000000
00110011000010010100100010010000000000100111011100011000000000000000010100000000000000000000110100001000111111111110001001011100101011001010101001100010100011011011100100000000000
00110011000010010100100010010000000000100110000000010001000000000000000100000000000000000000110100001000111111111110001001011100101011001010101001100010100000010111000100000000000
00110011000010010100100010010000000000100111011100011000000000000000000100000000000000000000110100001000111111111110001001011100101011001010101001100010100011011011100100000000000
00110011000010010100100010010000000000100110000000010001000000000000000100000000000000000000110100001000111111111110001001011100101011001010101001100010100000010111000100000000000
00110011000010010100100010010000000000100111011100011000000000000000000100000000000000000000110100001000111111111110001001011100101011001010101001100010100011011011100100000000000