10110000110111011000111101111101001110011111000110011100010110111111100110101001010100101011000011011101100011110111110100111001111100011001110001011011111110011010100101010010100
10001000110101000000100101000111111100001011100100010001000000000000101100000000001011111100110100011100100000101000000001001000000010001010000001111010000110000111101100000000000
10001000110101010100100101010111111101001011000000011100000000000000100000000000001011111101110100001000111111111110001001011100111011001010110011100010110010011010101000000000000
10001000110101010111100101010111111101001011100100010001010000000000110100000000001011111101110100001000111111111110001001011100100011001010100000100010100010000111100000000000000
10001000110101010111000101010111111101001011000000011100000000000000100000000000001011111101110100001000111111111110001001011100101011001010100001100110100010011010100100000000000
10001000110101010111010101010111111101001011100100010001010000000000100100000000001011111101110100001000111111111110001001011100101011001010101001100000100010000111100100000000000
10001000110101010111010101010111111101001011000000011100000000000000000100000000001011111101110100001000111111111110001001011100101011001010101001100011100010011010100100000000000
10001000110101010111010101010111111101001011100100010001010000000000000100000000001011111101110100001000111111111110001001011100101011001010101001100010000010000111100100000000000
10001000110101010111010101010111111101001011000000011100000000000000000100000000001011111101110100001000111111111110001001011100101011001010101001100010110010011010100100000000000
10001000110101010111010101010111111101001011100100010001010000000000010100000000001011111101110100001000111111111110001001011100101011001010101001100010100010000111100100000000000
10001000110101010111010101010111111101001011000000011100000000000000000100000000001011111101110100001000111111111110001001011100101011001010101001100010100010011010100100000000000