00011101111111010001100001101001011111000011001101010000110000110100001101101001010010100001110111111101000110000110100101111100001100110101000011000011010000110110100101001010010
11001100111101010100101101001111111110011011101100000100010000000000000100000000001111111110111100011000110101111010101101100000111000001110010100110010010000011101101100000000000
11001100111101010100101101011111111111011010110000010000110000000000010100000000001111111111110100001000111111111110101101111100100001001010110101100110110000101110101000010000000
11001100111101010100101101011111111111011000000100000100000000000000000100000000001111111111110100001000111111111110101101111100101001001010100101000000100011011100000000000000000
11001100111101010100101101011111111111011010101000010000110000000000000100000000001111111111110100001000111111111110101101111100101001001010100101110011100011101111110100000000000
11001100111101010100101101011111111111011000011100000100000000000000000100000000001111111111110100001000111111111110101101111100101001001010100101100010000001011100100100000000000
11001100111101010100101101011111111111011011100000010000110000000000000100000000001111111111110100001000111111111110101101111100101001001010100101100010110001101111010100000000000
11001100111101010100101101011111111111011001010100000100000000000000000100000000001111111111110100001000111111111110101101111100101001001010100101100010100010011100100100000000000
11001100111101010100101101011111111111011011111000010000110000000000000100000000001111111111110100001000111111111110101101111100101001001010100101100010100010101111010100000000000
11001100111101010100101101011111111111011001001100000100000000000000000100000000001111111111110100001000111111111110101101111100101001001010100101100010100000011100000100000000000
11001100111101010100101101011111111111011000010000010000110000000000000100000000001111111111110100001000111111111110101101111100101001001010100101100010100000101111110100000000000