00110000000011110010001001001100101111110100010001111100001011011011111011110100011100111011000000001111001000100100110010111111010001000111110000101101101111101111010001110011100
11001100111101010100111101001111111110011000010000000100010000000000100000000000011111111110110100011000001000010100000000011100010001001110000011001101000111000111010100000000000
11001100111101010100101101011111111111011000001100011100010000000000000100000000001111111111110100001000111111111110101101111100110011001010110110110001010011101111010100000000000
11001100111101010100101101011111111111011000001100000100010000000000000100000000001111111111110100001000111111111110101101111100100011001010100100100111010001000111110100000000000
11001100111101010100101101011111111111011001000100011100010000000000000100000000001111111111110100001000111111111110101101111100101011001010100101100100010001101111110100000000000
11001100111101010100101101011111111111011001000100000100010000000000010100000000001111111111110100001000111111111110101101111100101011001010101101100001110010000111110100000000000
11001100111101010100101101011111111111011001000100011100010000000000000100000000001111111111110100001000111111111110001001011100101001001010101001000011000010101111110100000000000
11001100111101010100101101011111111111011001000100000100010000000000000100000000001111111111110100001000111111111110001001011100101011001010101001110010010010000111110100000000000
11001100111101010100101101011111111111011001000100011100010000000000010100000000001111111111110100001000111111111110001001011100101011001010101001100010110010101111110100000000000
11001100111101010100101101011111111111011001000100000100010000000000010100000000001111111111110100001000111111111110001001011100101011001010101001100010100010000111110100000000000
11001100111101010100101101011111111111011001000100011100010000000000000100000000001111111111110100001000111111111110001001011100101011001010101001100010100010101111110100000000000