01010011000000010111101010100010011111010010011100011111101010110110101100010111100111000101001100000001011110101010001001111101001001110001111110101011011010110001011110011100010
11001100111101000111001101011111111111011001010000001001100000000000000000000000011111111110110100001000110100011000001001011100011011001110000000100110011101000001000000000000000
11001100111101010111011101011111111111011011010000011101110000000000010100000000001111111111110100001000111111111110101101111100110011001010111111100100110010110001010100000000000
11001100111101010111011101011111111111011001010100001001110000000000010100000000001111111111110100001000111111111110001001011100100001001010100000000001100010000001000100000000000
11001100111101010111011101011111111111011011001000011101110000000000000100000000001111111111110100001000111111111110101101111100101011001010100101110111000010110001010100000000000
11001100111101010111011101011111111111011001001100001001110000000000000100000000001111111111110100001000111111111110101101111100101011001010101101100000010000000001100100000000000
11001100111101010111011101011111111111011011001000011101110000000000010100000000001111111111110100001000111111111110001001011100101011001010101001100011110000110001110100000000000
11001100111101010111011101011111111111011001001100001001110000000000000100000000001111111111110100001000111111111110001001011100101011001010101001100010000000000001100100000000000
11001100111101010111011101011111111111011011001000011101110000000000000100000000001111111111110100001000111111111110001001011100101011001010101001100010110000110001110100000000000
11001100111101010111011101011111111111011001001100001001110000000000010100000000001111111111110100001000111111111110001001011100101011001010101001100010100000000001100100000000000
11001100111101010111011101011111111111011011001000011101110000000000000100000000001111111111110100001000111111111110001001011100101011001010101001100010100000110001110100000000000