01011111010111111110010101001011101111100110011101000101110011110001000100111010000110110101111101011111111001010100101110111110011001110100010111001111000100010011101000011011001
11101110111111010000111111011111111111111011001100011001000000000000100100000000001111111111111100011000101101110000101000001110110001001100110100110000010001101001000000000000000
11101110111111010100101111011111111111111010011000000101110000000000000100000000001111111111110100001000111111111110101101011110100001101010100101100111110000010011100100000000000
11101110111111010100101111011111111111111011001000011001010000000000000100000000001111111111110100001000111111111110101101011110101001001010100101100000000001101001000100000000000
11101110111111010100101111011111111111111010011000000101110000000000000100000000001111111111110100001000111111111110101101011110101001001010100101100011110000010011100100000000000
11101110111111010100101111011111111111111011001000011001010000000000000100000000001111111111110100001000111111111110101101011110101001001010100101100010000001101001000100000000000
11101110111111010100101111011111111111111010011000000101110000000000000100000000001111111111110100001000111111111110101101011110101001001010100101100010110000010011100100000000000
11101110111111010100101111011111111111111011001000011001010000000000000100000000001111111111110100001000111111111110101101011110101001001010100101100010100001101001000100000000000
11101110111111010100101111011111111111111010011000000101110000000000000100000000001111111111110100001000111111111110101101011110101001001010100101100010100000010011100100000000000
11101110111111010100101111011111111111111011001000011001010000000000000100000000001111111111110100001000111111111110101101011110101001001010100101100010100001101001000100000000000
11101110111111010100101111011111111111111010011000000101110000000000000100000000001111111111110100001000111111111110101101011110101001001010100101100010100000010011100100000000000