11010101101011100011000010001011011000111111100100101001010101110100010100010010110010110101010110101110001100001000101101100011111110010010100101010111010001010001001011001011000
11001100111111010100011111011111111111011010011100010101110000000000000100000000011111111110111100001000110101100010101101110000000000001110100101010000010010110010101000000000000
11001100111111000100111111001111111111011011111100001001000000000000010100000000001111111111110100001000111111111110101101111100111001001010100101110011110001001001001000010000000
11001100111111000100101111001111111111011011010100010101100000000000000100000000001111111111110100001000111111111110101101111100100001001010100101000010000000110010000000000000000
11001100111111000100101111001111111111011000010100001001000000000000000100000000001111111111110100001000111111111110101101111100101001001010100101110010110010001001000100000000000
11001100111111000100101111001111111111011011001100010101100000000000000100000000001111111111110100001000111111111110101101111100101001001010100101100010100011110011010100000000000
11001100111111000100101111001111111111011000001100001001000000000000000100000000001111111111110100001000111111111110101101111100101001001010100101100010100000001001100100000000000
11001100111111000100101111001111111111011010110100010101100000000000000100000000001111111111110100001000111111111110101101111100101001001010100101100010100001110011110100000000000
11001100111111000100101111001111111111011001000100001001000000000000000100000000001111111111110100001000111111111110101101111100101001001010100101100010100011001000000100000000000
11001100111111000100101111001111111111011010101100010101100000000000000100000000001111111111110100001000111111111110101101111100101001001010100101100010100010110011110100000000000
11001100111111000100101111001111111111011001011100001001000000000000000100000000001111111111110100001000111111111110101101111100101001001010100101100010100001001000100100000000000