00111000010001111111010110101101011001011100000010001000110010010100101110101011001100101011100001000111111101011010110101100101110000001000100011001001010010111010101100110010100
00110011000010100000010010100000000001100111100100000001010000000000101000000000010000000001110100001100110101111100000001001100000011001010100000111011011111110101111000000000000
00110011000010100100110010100000000000100100000100001000110000000000100000000000000000000000110100001000111111111110001001011100111011001010100011100110010010111010100000010000000
00110011000010100100100010100000000000100111100000000001000000000000110100000000000000000000110100001000111111111110001001011100100011001010101000100000110011110101110100000000000
00110011000010100100100010100000000000100100000100001000110000000000010000000000000000000000110100001000111111111110001001011100101011001010100001100111100010111010100100000000000
00110011000010100100100010100000000000100111100000000001000000000000100100000000000000000000110100001000111111111110001001011100101011001010101001100000000011110101110100000000000
00110011000010100100100010100000000000100100000100001000110000000000000100000000000000000000110100001000111111111110001001011100101011001010101001100011110010111010100100000000000
00110011000010100100100010100000000000100111100000000001000000000000000100000000000000000000110100001000111111111110001001011100101011001010101001100010000011110101110100000000000
00110011000010100100100010100000000000100100000100001000110000000000000100000000000000000000110100001000111111111110001001011100101011001010101001100010110010111010100100000000000
00110011000010100100100010100000000000100111100000000001000000000000010100000000000000000000110100001000111111111110001001011100101011001010101001100010100011110101110100000000000
00110011000010100100100010100000000000100100000100001000110000000000000100000000000000000000110100001000111111111110001001011100101011001010101001100010100010111010100100000000000