01000000000101111011101100110110011100111101010001001110001111010111010011100010000110111100000000010111101110110011011001110011110101000100111000111101011101001110001000011011100
11001100110101010000000101000111111111011010111000010100000000000000000100000000001011111110111100011100000100000100000001011100000000001110100001101101011110100111010000000000000
11001100110101000100110101000111111110011001001000001100000000000000100100000000001011111110110100001000111111111110101101111100111011001000100111100001010001001110001100000000000
11001100110101000111100101000111111110011011110000010100000000000000100100000000001011111110110100001000111111111110101101111100100011001010101100100011010000100111110000000000000
11001100110101000111000101000111111110011001001000001100000000000000000100000000001011111110110100001000111111111110001001011100101011001010100001100110010010001110000100000000000
11001100110101000111010101000111111110011011101000010100000000000000110100000000001011111110110100001000111111111110101101111100101011001010101101100000110000100111110100000000000
11001100110101000111010101000111111110011001001000001100000000000000010000000000001011111110110100001000111111111110001001011100101001001010101001000011100000001110100100000000000
11001100110101000111010101000111111110011011101000010100000000000000000100000000001011111110110100001000111111111110001001011100101011001010101001110010000000100111110100000000000
11001100110101000111010101000111111110011001001000001100000000000000000100000000001011111110110100001000111111111110001001011100101011001010101001100010110000001110100100000000000
11001100110101000111010101000111111110011011101000010100000000000000010100000000001011111110110100001000111111111110001001011100101011001010101001100010100000100111110100000000000
11001100110101000111010101000111111110011001001000001100000000000000000100000000001011111110110100001000111111111110001001011100101011001010101001100010100000001110100100000000000