01101110001110100110010111000001100110011101001101010001111100000111101000110000010110100110111000111010011001011100000110011001110100110101000111110000011110100011000001011010011
11001100111001000100111001001011111110011011010100001101000000000000010000000000001101111111110100001100100110001110101000010110000000001110010100101011110000011001111100000000000
11001100111001000100101001001011111110011000110100010001110000000000000100000000001101111110110100001000111111111110101101111100111001001010110101000110000010100011001000000000000
11001100111001000100101001001011111110011011001000001101010000000000000100000000001101111110110100001000111111111110101101111100100011001010100101110000110011011000010000000000000
11001100111001000100101001001011111110011000101100010001110000000000010100000000001101111110110100001000111111111110101101111100101011001010100101100011100000100011100100000000000
11001100111001000100101001001011111110011010110000001101010000000000000100000000001101111110110100001000111111111110101101111100101001001010101101000010000001011000110100000000000
11001100111001000100101001001011111110011000101100010001110000000000000100000000001101111110110100001000111111111110001001011100101011001010101001110010110011100010000100000000000
11001100111001000100101001001011111110011010110000001101010000000000010100000000001101111110110100001000111111111110001001011100101011001010101001100010100001011000110100000000000
11001100111001000100101001001011111110011000101100010001110000000000000100000000001101111110110100001000111111111110001001011100101011001010101001100010100011100010000100000000000
11001100111001000100101001001011111110011010110000001101010000000000000100000000001101111110110100001000111111111110001001011100101011001010101001100010100001011000110100000000000
11001100111001000100101001001011111110011000101100010001110000000000000100000000001101111110110100001000111111111110001001011100101011001010101001100010100011100010000100000000000