111111110111011110000010000001001101101110010010100110011011100011101001100111111110111011110000010000001001101101110010010100110011011100011101001100101111110111011110000010000001001101101110010010100110011011100011101001100101
111111110110111011100011110010010101101110010010100110011101100001101001100111111111011000001000000011101110010011000000000001100010000000101111101111110111111111110111101101111011101111111110010010100110011011100011101001100001
111111110111111111100011000000001001101110010010100110011110100001101001100111110111111010001000100011011000000000100000000001101010000001011101111111111101111111111101110111011101101111111110010010100110011011100011101001101001
111111110111111111100010100000000001101110010010100110011111000010101001100111111011111001001000010011010100000001100000000001100110000001101111111111111101111111111111111111111111101111111110010010100110011011100011101001100001
111111110111111111100011100000000001101110010010100110010111100000101001100111111101111011001000110011011100000000010000000001101110000001011101111111111101111111111111111111111111101111111110010010100110011011100011101001100001
111111110111111111100010010000001110101110010010100110011011100011001001100111111110111000101000001011010010000001010000000001100001000001101111111111111101111111111111111111111111101111111110010010100110011011100011101001100001
111111110111111111100011010000000110101110010010100110011101100001001001100111111111011010101000101011011010000000110000000001101001000001011101111111111101111111111111111111111111101111111110010010100110011011100011101001100001
111111110111111111100010110000001010101110010010100110011110100001001001100111110111111001101000011011010110000001110000000001100101000001101111111111111101111111111111111111111111101111111110010010100110011011100011101001100001
111111110111111111100011110000000010101110010010100110011111000010001001100111111011111011101000111011011110000000001000000001101101000001011101111111111101111111111111111111111111101111111110010010100110011011100011101001100001
111111110111111111100010001000000010101110010010100110010111100000001001100111111101111000011000000111010001000001001000000001100011000001101111111111111101111111111111111111111111101111111110010010100110011011100011101001100001
111111110111111111100011001000001100101110010010100110011011100011110001100111111110101010011000100111011001000000101000000001101011000001011101111111111101111111111111111111111111101111111110010010100110011011100011101001100001