011100010110111111100110101001010100101001100011101101101101010000101111001011100010110111111100110101001010100101001100011101101101101010000101111001011100010110111111100110101001010100101001100011101101101101010000101111001011
011100010111011010000111001100010100101001100011101101100110110011001111001011101001010000001010111110011001100011000000001101100011101011111011111101101100111111111111110111111101101000111001100011101101101101010000101111000011
011100010111111111100111000000001000101001100011101101101011010011001111001011100100110010001010111111011000000001000000001101101011101011001001111110110110111111110101101101011011101000111001100011101101101101010000101111000011
011100010111111111100111000000001000101001100011101101100101110001001111001011101010010001001010010110111000000000100000000001100010000001111011111110111110111111111111111111111111101000111001100011101101101101010000101111001011
011100010111111111100110100000000000101001100011101101101010110001001111001011100101010011001010111111110100000001100000000001100010000001001001111110111110111111111111111111111111101000011001100011101101101101010000101111000011
011100010111111111100111100000001111001001100011101101101101010001001111001011100010110000101010111111111100000000010000000001100010000001111011111110111110111111111111111111111111101000011001100011101101101101010000101111000011
011100010111111111100110010000001111001001100011101101100110110010001111001011101001010010101010111111110010000001010000000001100010000001001001111110111110111111111111111111111111101000011001100011101101101101010000101111000011
011100010111111111100111010000000111001001100011101101101011010010001111001011100100110001101010111111111010000000110000000001100010000001111011111110111110111111111111111111111111101000011001100011101101101101010000101111000011
011100010111111111100110110000000111001001100011101101100101110000001111001011101010010011101010111111110110000001110000000001100010000001001001111110111110111111111111111111111111101000011001100011101101101101010000101111000011
011100010111111111100111110000001011001001100011101101101010110000001111001011100101010000011010111111111110000000001000000001100010000001111011111110111110111111111111111111111111101000011001100011101101101101010000101111000011
011100010111111111100110001000000011001001100011101101101101010000001111001011100010110010011010111111110001000001001000000001100010000001001001111110111110111111111111111111111111101000011001100011101101101101010000101111000011