101011100011000010001011011000111111100100101001010101110100010100010010110001011100011000010001011011000111111100100101001010101110100010100010010110011011100011000010001011011000111111100100101001010101110100010100010010110010
101011100000110001001010100101001111100100101001010101110010010100010010110001010110011000100010001000100100101001100101000001100010000001000100000000101101111111110100001101000011000111110100101001010101110100010100010010111110
101011100011111111101011100101001111100100101001010101110001010100010010110001010011011001000011010000111100101001000000000001100010000001000110000001110101111111111000110010001100000111110100101001010101110100010100010010111010
101011100011111111101011000000001111100100101001010101110000110100010010110001010001111010001100100011001000000001000000000001101010000001000110000001111101100000001111111111111111000111110100101001010101110100010100010010110111
101011100000000001001011000000000111100100101001010101111000010111100010110001011000111011111111111111111000000001000000000001100110000001000110000001111101111111111111111111111111000111110100101001010101110100010100010010110011
101011100011111111101011000000000111100100101001010101110100010101100010110001011100011011111111111111111000000001000000000001101110000001000110000001111101111111111000000010000000000111110100101001010101110100010100010010110011
101011100011111111101011000000000111100100101001010101110010010101100010110001010110011010000000100000001000000001000000000001100001000001000110000001111101110000001111111111111111000111110100101001010101110100010100010010110111
101011100000000011101011000000000111100100101001010101110001010101100010110001010011011011111111111111111000000001000000000001101001000001000110000001111101111111111111111111111111000111110100101001010101110100010100010010110011
101011100011111111101011000000000111100100101001010101110000110101100010110001010001111011111111111111111000000001000000000001100101000001000110000001111101111111111100000011000000000111110100101001010101110100010100010010110011
101011100011111111101011000000001011100100101001010101111000010110100010110001011000111011000000110000001000000001000000000001101101000001000110000001111101110000001111111111111111000111110100101001010101110100010100010010110011
101011100000000011101011000000001011100100101001010101110100010100100010110001011100011011111111111111111000000001000000000001100011000001000110000001111101111111111111111111111111000111110100101001010101110100010100010010110011