000100011111000010110110111110111101000111001110000111011111110100011000011000100011111000010110110111110111101000111001110000111011111110100011000011010100011111000010110110111110111101000111001110000111011111110100011000011010
000100011100111110010110111001110101000111001110000111011111110011101000011000101001111010010100001111010111001111111001110000110111111111000001101000001110111111110100001101000011111000110111001110000111011111110100011000011110
000100011111111111110111111001111001000111001110000111011111110001101000011000101100111000011000101111011111001111000000000001100010000001000011111100000100111111110111110001111100111000110111001110000111011111110100011000011010
000100011111111111110111000000000001000111001110000111011111110010101000011000101110011010011000011111011000000001000000000001100010000001000011111100000100111111111111111111111111111000110111001110000111011111110100011000011010
000100011111111111110111000000001110000111001110000111011111110010101000011000100111011001011000111111011000000001000000000001100010000001000011111100000100111111111111111111111111111000110111001110000111011111110100011000010010
000100011111111111110111000000000110000111001110000111011111110010101000011000100011111011011000000110101000000001000000000001100010000001000011111100000100111111111111111111111111111000110111001110000111011111110100011000010010
000100011111111111110111000000001010000111001110000111011111110000101000011000101001111000111000100110101000000001000000000001100010000001000011111100000100111111111111111111111111111000110111001110000111011111110100011000010010
000100011111111111110111000000000010000111001110000111011111110011001000011000101100111010111000010110101000000001000000000001100010000001000011111100000100111111111111111111111111111000110111001110000111011111110100011000010010
000100011111111111110111000000001100000111001110000111011111110001001000011000101110011001111000110110101000000001000000000001100010000001000011111100000100111111111111111111111111111000110111001110000111011111110100011000010010
000100011111111111110111000000000100000111001110000111011111110001001000011000100111011011111000001110101000000001000000000001100010000001000011111100000100111111111111111111111111111000110111001110000111011111110100011000010010
000100011111111111110111000000001000000111001110000111011111110001001000011000100011111000000100101110101000000001000000000001100010000001000011111100000100111111111111111111111111111000110111001110000111011111110100011000010010