010111101010100010011111010010011100011111101010110110101100010111100111000110111101010100010011111010010011100011111101010110110101100010111100111000100111101010100010011111010010011100011111101010110110101100010111100111000100
010111101001010101111111111101011100011111101010110110100110010011100111000110110110110100100111001001111111101011000000000001100010000000001001011111010111111111110100010101000101010111111111101010110110101100010111100111001101
010111101011111111111111000000001100011111101010110110100011010001100111000110111011010101000101010001011000000000100000000001101010000001111011101110001111111111111010101010101010010111001111101010110110101100010111100111001001
010111101011111111111110100000001100011111101010110110100001110001100111000110110101110110101010101010100100000001100000000001100010000001001001111110000111111111111111111111111111010111111111101010110110101100010111100111000101
010111101011111111111111100000000100011111101010110110101000110010100111000110111010110111111111111111111100000000010000000001100010000001111011111110000111111111111111111111111111010111111111101010110110101100010111100111000001
010111101011111111111110010000001000011111101010110110101100010000100111000110111101010111111111111111110010000001010000000001100010000001001001111110000111111111111111111111111111010111001111101010110110101100010111100111000001
010111101011111111111111010000001000011111101010110110100110010000100111000110110110110111111111111111111010000000110000000001100010000001111011111110000111111111111111111111111111010111001111101010110110101100010111100111000001
010111101011111111111110110000001000011111101010110110100011010011000111000110111011010111111111111111110110000001110000000001100010000001001001111110000111111111111111111111111111010111001111101010110110101100010111100111000001
010111101011111111111111110000001000011111101010110110100001110011000111000110110101110111111111111111111110000000001000000001100010000001111011111110000111111111111111111111111111010111001111101010110110101100010111100111000001
010111101011111111111110001000000000011111101010110110101000110001000111000110111010110111111111111111110001000001001000000001100010000001001001111110000111111111111111111111111111010111001111101010110110101100010111100111000001
010111101011111111111111001000001111101111101010110110101100010010000111000110111101010111111111111111111001000000101000000001100010000001111011111110000111111111111111111111111111010111001111101010110110101100010111100111000001