001110001000011011100011100001000111111101011010110101100101110000001000100001110001000011011100011100001000111111101011010110101100101110000001000100011110001000011011100011100001000111111101011010110101100101110000001000100011
001110001010000100100011101011011111010000000001000000001000011000001000100001110000100000111100101110001101011011000000000001100010000001000011101000101110111111111101100011011000010001111101011010110101100101110000001000100111
001110001011111111100011000000001111010000000001000000001000011011110000100001111000010000001110110110001000000001000000000001100010000001000011111100110110111111110010000100100001010001111101011010110101100101110000001000100011
001110001011111111100011000000001111010000000001000000001000011011110000100001110100010010001110001000011000000001000000000001100010000001000011111100111110111111111111111111111111010001111101011010110101100101110000001000101111
001110001011111111100011000000001111010000000001000000001000011011110000100001110010010001001110111111111000000001000000000001100010000001000011111100111110111111111111111111111111010001111101011010110101100101110000001000100011
001110001011111111100011000000001111010000000001000000001000011011110000100001110001010011001110111111111000000001000000000001100010000001000011111100111110111111111111111111111111010001011101011010110101100101110000001000100011
001110001011111111100011000000001111010000000001000000001000011011110000100001110000110000101110111111111000000001000000000001100010000001000011111100111110111111111111111111111111010001011101011010110101100101110000001000100011
001110001011111111100011000000001111010000000001000000001000011001110000100001111000010010101110111111111000000001000000000001100010000001000011111100111110111111111111111111111111010001011101011010110101100101110000001000100011
001110001011111111100011000000001111010000000001000000001000011001110000100001110100010001101110111111111000000001000000000001100010000001000011111100111110111111111111111111111111010001011101011010110101100101110000001000100011
001110001011111111100011000000001111010000000001000000001000011001110000100001110010010011101110111111111000000001000000000001100010000001000011111100111110111111111111111111111111010001011101011010110101100101110000001000100011
001110001011111111100011000000001111010000000001000000001000011001110000100001110001010000011110111111111000000001000000000001100010000001000011111100111110111111111111111111111111010001011101011010110101100101110000001000100011