011100000110011001110100110101000111110000011110100011000001011010011101010111100000110011001110100110101000111110000011110100011000001011010011101010111100000110011001110100110101000111110000011110100011000001011010011101010110
011100000110011000010100000011110111110000011110100011000000111100011101010111101000010000101101100111010000011111000011110001100010000001101011111100011100111111111001100110011001100000110000011110100011000001011010011101010110
011100000111111111110101000011111011110000011110100011001000011100011101010111100100010010101101100110011000011111000000000001100010000001011001111110001100111111110001100100011001100000110000011110100011000001011010011101010110
011100000111111111110101000000001011110000011110100011000100011100011101010111100010010001101101000110011000000000100000000001100010000001101011111110000100111111111111111111111111100000110000011110100011000001011010011101011110
011100000111111111110100100000001011110000011110100011000010011100011101010111100001010011101101111111110100000001100000000001100010000001011001111110000100111111111111111111111111100000110000011110100011000001011010011101010010
011100000111111111110101100000001011110000011110100011000001011100011101010111100000110000011101111111111100000000010000000001100010000001101011111110000100111111111111111111111111100000010000011110100011000001011010011101010010
011100000111111111110100010000001011110000011110100011000000111111101101010111101000010010011101111111110010000001010000000001100010000001011001111110000100111111111111111111111111100000010000011110100011000001011010011101010010
011100000111111111110101010000000011110000011110100011001000011111101101010111100100010001011101111111111010000000110000000001100010000001101011111110000100111111111111111111111111100000010000011110100011000001011010011101010010
011100000111111111110100110000000011110000011110100011000100011111101101010111100010010011011101111111110110000001110000000001100010000001011001111110000100111111111111111111111111100000010000011110100011000001011010011101010010
011100000111111111110101110000000011110000011110100011000010011111101101010111100001010000111101111111111110000000001000000001100010000001101011111110000100111111111111111111111111100000010000011110100011000001011010011101010010
011100000111111111110100001000000011110000011110100011000001011111101101010111100000110010111101111111110001000001001000000001100010000001011001111110000100111111111111111111111111100000010000011110100011000001011010011101010010