110010010100101110101011001100101000110000000011110010001001001100101111110110010010100101110101011001100101000110000000011110010001001001100101111110100010010100101110101011001100101000110000000011110010001001001100101111110100
110010010101001010001010000000011111010000000001000000001000011011001111110110011001000011110101111010100000000011000000010001100010000001011100110101110100111111110111010001110100101001110000000011110010001001001100101111110000
110010010111111111101011000000011111010000000001000000001000011011001111110110010100100000001101011101001000000011000000000001101010000001101110010011111100111111110101001001010010101001110000000011110010001001001100101111111000
110010010111111111101011000000001111010000000001000000001000011001001111110110011010000010001101010100101000000000100000000001100110000001011100000011111100111111111111111111111111101001110000000011110010001001001100101111111000
110010010111111111101010100000001111010000000001000000001000011001001111110110010101000001001101111111110100000001100000000001101110000001101110000011111100111111111111111111111111101001110000000011110010001001001100101111110000
110010010111111111101011100000001111010000000001000000001000011001001111110110010010100011001101111111111100000000010000000001100001000001011100000011111100111111111111111111111111101001110000000011110010001001001100101111110010
110010010111111111101010010000001111010000000001000000001000011010001111110110011001000000101101111111110010000001010000000001101001000001101110000011111100111111111111111111111111101001110000000011110010001001001100101111110010
110010010111111111101011010000001111010000000001000000001000011010001111110110010100100010101101111111111010000000110000000001100101000001011100000011111100111111111111111111111111101001110000000011110010001001001100101111110010
110010010111111111101010110000001111010000000001000000001000011000001111110110011010000001101101111111110110000001110000000001101101000001101110000011111100111111111111111111111111101001110000000011110010001001001100101111110010
110010010111111111101011110000001111010000000001000000001000011000001111110110010101000011101101111111111110000000001000000001100011000001011100000011111100111111111111111111111111101001110000000011110010001001001100101111110010
110010010111111111101010001000001111010000000001000000001000011000001111110110010010100000011101111111110001000001001000000001101011000001101110000011111100111111111111111111111111101001110000000011110010001001001100101111110010