100101111100001100110101000011000011010000110110100101001010010101001100000000101111100001100110101000011000011010000110110100101001010010101001100000000101111100001100110101000011000011010000110110100101001010010101001100000001
100101111100001111110100000110110011010000110110100101000101011010001100000000101111100011001101011000010000110111000000000001100010000001000101111010000101111111110011000000110000111110110000110110100101001010010101001100000001
100101111111111111110101000000000011010000110110100101000010111000001100000000101111100000110000111000011000000000100000000001100010000001000111111101000101111111111111000011110000111110110000110110100101001010010101001100001101
100101111111111111110100100000001101010000110110100101001001011011111100100000101111110011110000000100010100000001000000000001101010000001000111111101000101111111111111111111111111111110110000110110100101001010010101001100000001
100101111111111111110101000000001101010000110110100101000100111001111100100000101111110011111111100100011000000001000000000001100110000001000111111101000101111111111111111111111111111110110000110110100101001010010101001100000001
100101111111111111110101000000000101010000110110100101001010011010111100100000101111110011111111010100011000000001000000000001101110000001000111111101000101111111111111111111111111111110100000110110100101001010010101001100000001
100101111111111111110101000000000101010000110110100101000101011000111100100000101111110011111111110100011000000001000000000001100001000001000111111101000101111111111111111111111111111110100000110110100101001010010101001100000001
100101111111111111110101000000000101010000110110100101000010111011011100100000101111110011111111001100011000000001000000000001101001000001000111111101000101111111111111111111111111111110100000110110100101001010010101001100000001
100101111111111111110101000000001001010000110110100101001001011001011100100000101111110011111111101100011000000001000000000001100101000001000111111101000101111111111111111111111111111110100000110110100101001010010101001100000001
100101111111111111110101000000001001010000110110100101000100111010011100100000101111110011111111011100011000000001000000000001101101000001000111111101000101111111111111111111111111111110100000110110100101001010010101001100000001
100101111111111111110101000000000001010000110110100101001010011000011100100000101111110011111111111100011000000001000000000001100011000001000111111101000101111111111111111111111111111110100000110110100101001010010101001100000001