101100010000000001011110111011001101100111001111010100010011100011110101110101100010000000001011110111011001101100111001111010100010011100011110101110101100010000000001011110111011001101100111001111010100010011100011110101110100
101100010000000010011110111001110101100111001111010100011000000111110101110101100001000010001011001111010111001111111001110001100010000001000111011111010100111111111000000010000000001000100111001111010100010011100011110101111100
101100010011111111111111111001110101100111001111010100011000000111110101110101100000100001001011101111011111001110000101110001101010000001000111101101001100111111110100000001000000001000100111001111010100010011100011110101110100
101100010011111111111110000101110101100111001111010100011000000101110101110101101000000011001011011111010000101111000000000001100110000001000111111101000100111111111111111111111111001000100111001111010100010011100011110101111000
101100010011111111111111000000000101100111001111010100011000000101110101110101100100000000101011111111011000000001000000000001101110000001000111111101000100111111111111111111111111001000100111001111010100010011100011110101110000
101100010011111111111111000000000101100111001111010100011000000101110101110101100010000010101011000110101000000001000000000001100001000001000111111101000100111111111111111111111111001000100111001111010100010011100011110101110000
101100010011111111111111000000000101100111001111010100011000000101110101110101100001000001101011100110101000000001000000000001101001000001000111111101000100111111111111111111111111001000100111001111010100010011100011110101110000
101100010011111111111111000000000101100111001111010100011000000101110101110101100000100011101011010110101000000001000000000001100101000001000111111101000100111111111111111111111111001000100111001111010100010011100011110101110000
101100010011111111111111000000000101100111001111010100011000000110110101110101101000000000011011110110101000000001000000000001101101000001000111111101000100111111111111111111111111001000100111001111010100010011100011110101110000
101100010011111111111111000000000101100111001111010100011000000110110101110101100100000010011011001110101000000001000000000001100011000001000111111101000100111111111111111111111111001000100111001111010100010011100011110101110000
101100010011111111111111000000000101100111001111010100011000000110110101110101100010000001011011101110101000000001000000000001101011000001000111111101000100111111111111111111111111001000100111001111010100010011100011110101110000